 -180.0  -175.0  -170.0  -165.0  -160.0  -155.0  -150.0  -145.0  -140.0  -135.0  -130.0  -125.0  -120.0  -115.0  -110.0  -105.0  -100.0   -95.0   -90.0   -85.0   -80.0   -75.0   -70.0   -65.0   -60.0   -55.0   -50.0   -45.0   -40.0   -35.0   -30.0   -25.0   -21.0   -20.0   -19.0   -18.0   -17.0   -16.0   -15.0   -14.0   -13.0   -12.0   -11.0   -10.0    -9.5    -9.0    -8.5    -8.0    -7.5    -7.0    -6.5    -6.0    -5.5    -5.0    -4.5    -4.0    -3.5    -3.0    -2.5    -2.0    -1.5    -1.0    -0.5     0.0     0.5     1.0     1.5     2.0     2.5     3.0     3.5     4.0     4.5     5.0     5.5     6.0     6.5     7.0     7.5     8.0     8.5     9.0     9.5    10.0    10.5    11.0    11.5    12.0    12.5    13.0    13.5    14.0    14.5    15.0    15.5    16.0    16.5    17.0    17.5    18.0    18.5    19.0    19.5    20.0    20.5    21.0    21.5    22.0    22.5    23.0    23.5    24.0    24.5    25.0    25.5    26.0    26.5    27.0    27.5    28.0    30.0    35.0    40.0    45.0    50.0    55.0    60.0    65.0    70.0    75.0    80.0    85.0    90.0    95.0   100.0   105.0   110.0   115.0   120.0   125.0   130.0   135.0   140.0   145.0   150.0   155.0   160.0   165.0   170.0   175.0   180.0     (     0.0000      0.0100     0.0000)
    (     0.3231     -0.0035     0.3231)
    (     0.5470      0.0100     0.4000)
    (     0.6790      0.0494     0.3392)
    (     0.7268      0.1135     0.2494)
    (     0.7058      0.2002     0.2140)
    (     0.6631      0.3033     0.2160)
    (     0.6407      0.4165     0.2214)
    (     0.6274      0.5366     0.2279)
    (     0.6034      0.6609     0.2399)
    (     0.5677      0.7857     0.2551)
    (     0.5232      0.9070     0.2706)
    (     0.4696      1.0213     0.2854)
    (     0.4062      1.1252     0.2990)
    (     0.3342      1.2155     0.3107)
    (     0.2554      1.2893     0.3195)
    (     0.1721      1.3458     0.3250)
    (     0.0866      1.3833     0.3270)
    (     0.0000      1.3971     0.3242)
    (    -0.0866      1.3833     0.3155)
    (    -0.1721      1.3458     0.3024)
    (    -0.2555      1.2893     0.2861)
    (    -0.3342      1.2155     0.2673)
    (    -0.4060      1.1252     0.2465)
    (    -0.4696      1.0213     0.2241)
    (    -0.5239      0.9070     0.2009)
    (    -0.5677      0.7857     0.1781)
    (    -0.6008      0.6610     0.1565)
    (    -0.6274      0.5366     0.1346)
    (    -0.6504      0.4163     0.1123)
    (    -0.6631      0.3033     0.0967)
    (    -0.6696      0.2008     0.0894)
    (    -0.7080      0.1295     0.0703)
    (    -0.7268      0.1135     0.0613)
    (    -0.7500      0.0984     0.0501)
    (    -0.7754      0.0841     0.0374)
    (    -0.8006      0.0709     0.0238)
    (    -0.8228      0.0588     0.0099)
    (    -0.8395      0.0479    -0.0035)
    (    -0.8482      0.0383    -0.0157)
    (    -0.8463      0.0301    -0.0261)
    (    -0.8312      0.0235    -0.0339)
    (    -0.8003      0.0185    -0.0385)
    (    -0.7510      0.0152    -0.0392)
    (    -0.7191      0.0142    -0.0380)
    (    -0.6841      0.0135    -0.0364)
    (    -0.6478      0.0127    -0.0350)
    (    -0.6106      0.0121    -0.0339)
    (    -0.5725      0.0114    -0.0328)
    (    -0.5341      0.0108    -0.0316)
    (    -0.4962      0.0103    -0.0301)
    (    -0.4595      0.0099    -0.0283)
    (    -0.4241      0.0096    -0.0261)
    (    -0.3876      0.0094    -0.0239)
    (    -0.3471      0.0092    -0.0222)
    (    -0.3007      0.0091    -0.0215)
    (    -0.2478      0.0090    -0.0218)
    (    -0.1918      0.0090    -0.0226)
    (    -0.1364      0.0089    -0.0233)
    (    -0.0816      0.0089    -0.0240)
    (    -0.0264      0.0088    -0.0247)
    (     0.0294      0.0089    -0.0255)
    (     0.0859      0.0089    -0.0264)
    (     0.1423      0.0089    -0.0273)
    (     0.1978      0.0089    -0.0281)
    (     0.2507      0.0089    -0.0284)
    (     0.3000      0.0090    -0.0281)
    (     0.3462      0.0091    -0.0272)
    (     0.3903      0.0091    -0.0260)
    (     0.4328      0.0093    -0.0247)
    (     0.4744      0.0096    -0.0235)
    (     0.5176      0.0100    -0.0227)
    (     0.5641      0.0104    -0.0225)
    (     0.6109      0.0107    -0.0224)
    (     0.6546      0.0112    -0.0219)
    (     0.6956      0.0118    -0.0212)
    (     0.7355      0.0124    -0.0204)
    (     0.7762      0.0131    -0.0198)
    (     0.8188      0.0137    -0.0195)
    (     0.8598      0.0144    -0.0190)
    (     0.8960      0.0153    -0.0181)
    (     0.9295      0.0163    -0.0169)
    (     0.9629      0.0174    -0.0159)
    (     0.9957      0.0186    -0.0149)
    (     1.0268      0.0199    -0.0139)
    (     1.0569      0.0213    -0.0129)
    (     1.0864      0.0228    -0.0120)
    (     1.1121      0.0246    -0.0108)
    (     1.1312      0.0267    -0.0092)
    (     1.1447      0.0293    -0.0074)
    (     1.1545      0.0322    -0.0057)
    (     1.1622      0.0353    -0.0038)
    (     1.1686      0.0385    -0.0017)
    (     1.1721      0.0423    -0.0007)
    (     1.1708      0.0468    -0.0021)
    (     1.1648      0.0522    -0.0057)
    (     1.1550      0.0582    -0.0114)
    (     1.1421      0.0649    -0.0187)
    (     1.1267      0.0722    -0.0272)
    (     1.1096      0.0798    -0.0366)
    (     1.0915      0.0879    -0.0466)
    (     1.0731      0.0963    -0.0567)
    (     1.0551      0.1048    -0.0667)
    (     1.0383      0.1135    -0.0761)
    (     1.0232      0.1223    -0.0846)
    (     1.0099      0.1311    -0.0923)
    (     0.9983      0.1399    -0.0992)
    (     0.9882      0.1488    -0.1054)
    (     0.9795      0.1578    -0.1108)
    (     0.9722      0.1668    -0.1157)
    (     0.9661      0.1759    -0.1199)
    (     0.9611      0.1851    -0.1236)
    (     0.9570      0.1944    -0.1268)
    (     0.9539      0.2037    -0.1296)
    (     0.9516      0.2132    -0.1320)
    (     0.9499      0.2227    -0.1341)
    (     0.9487      0.2324    -0.1359)
    (     0.9481      0.2422    -0.1375)
    (     0.9477      0.2520    -0.1390)
    (     0.9476      0.2620    -0.1403)
    (     0.9473      0.3033    -0.1457)
    (     0.9299      0.4155    -0.1671)
    (     0.8963      0.5366    -0.1936)
    (     0.8581      0.6612    -0.2167)
    (     0.8111      0.7857    -0.2374)
    (     0.7486      0.9069    -0.2582)
    (     0.6708      1.0213    -0.2789)
    (     0.5796      1.1252    -0.2985)
    (     0.4774      1.2155    -0.3169)
    (     0.3665      1.2893    -0.3339)
    (     0.2459      1.3458    -0.3496)
    (     0.1178      1.3833    -0.3636)
    (     0.0000      1.3971    -0.3744)
    (    -0.0925      1.3833    -0.3801)
    (    -0.1721      1.3458    -0.3813)
    (    -0.2538      1.2893    -0.3786)
    (    -0.3342      1.2155    -0.3725)
    (    -0.4066      1.1252    -0.3633)
    (    -0.4696      1.0213    -0.3519)
    (    -0.5231      0.9070    -0.3392)
    (    -0.5677      0.7857    -0.3258)
    (    -0.6035      0.6609    -0.3128)
    (    -0.6274      0.5366    -0.3030)
    (    -0.6407      0.4165    -0.2988)
    (    -0.6631      0.3033    -0.2980)
    (    -0.7058      0.2002    -0.3044)
    (    -0.7268      0.1135    -0.3498)
    (    -0.6790      0.0494    -0.4461)
    (    -0.5470      0.0100    -0.5000)
    (    -0.3231     -0.0035    -0.3913)
    (     0.0000      0.0100     0.0000)
