 -180.0  -175.0  -170.0  -165.0  -160.0  -155.0  -150.0  -145.0  -140.0  -135.0  -130.0  -125.0  -120.0  -115.0  -110.0  -105.0  -100.0   -95.0   -90.0   -85.0   -80.0   -75.0   -70.0   -65.0   -60.0   -55.0   -50.0   -45.0   -40.0   -35.0   -30.0   -25.0   -21.0   -20.0   -19.0   -18.0   -17.0   -16.0   -15.0   -14.0   -13.0   -12.0   -11.0   -10.0    -9.5    -9.0    -8.5    -8.0    -7.5    -7.0    -6.5    -6.0    -5.5    -5.0    -4.5    -4.0    -3.5    -3.0    -2.5    -2.0    -1.5    -1.0    -0.5     0.0     0.5     1.0     1.5     2.0     2.5     3.0     3.5     4.0     4.5     5.0     5.5     6.0     6.5     7.0     7.5     8.0     8.5     9.0     9.5    10.0    10.5    11.0    11.5    12.0    12.5    13.0    13.5    14.0    14.5    15.0    15.5    16.0    16.5    17.0    17.5    18.0    18.5    19.0    19.5    20.0    20.5    21.0    21.5    22.0    22.5    23.0    23.5    24.0    24.5    25.0    25.5    26.0    26.5    27.0    27.5    28.0    30.0    35.0    40.0    45.0    50.0    55.0    60.0    65.0    70.0    75.0    80.0    85.0    90.0    95.0   100.0   105.0   110.0   115.0   120.0   125.0   130.0   135.0   140.0   145.0   150.0   155.0   160.0   165.0   170.0   175.0   180.0     (     0.0000      0.0100     0.0000)
    (     0.5033     -0.0049     0.3238)
    (     0.7416      0.0100     0.4000)
    (     0.8023      0.0519     0.3374)
    (     0.7729      0.1179     0.2450)
    (     0.7279      0.2048     0.2068)
    (     0.6899      0.3073     0.2063)
    (     0.6650      0.4202     0.2101)
    (     0.6437      0.5402     0.2157)
    (     0.6151      0.6643     0.2268)
    (     0.5774      0.7887     0.2415)
    (     0.5306      0.9097     0.2566)
    (     0.4748      1.0236     0.2713)
    (     0.4097      1.1272     0.2850)
    (     0.3364      1.2171     0.2968)
    (     0.2567      1.2906     0.3058)
    (     0.1727      1.3466     0.3116)
    (     0.0867      1.3836     0.3140)
    (     0.0000      1.3971     0.3115)
    (    -0.0867      1.3836     0.3035)
    (    -0.1727      1.3466     0.2909)
    (    -0.2567      1.2906     0.2753)
    (    -0.3364      1.2171     0.2571)
    (    -0.4094      1.1272     0.2369)
    (    -0.4748      1.0236     0.2152)
    (    -0.5316      0.9096     0.1927)
    (    -0.5774      0.7887     0.1707)
    (    -0.6117      0.6643     0.1499)
    (    -0.6437      0.5402     0.1290)
    (    -0.6779      0.4199     0.1080)
    (    -0.6899      0.3073     0.0938)
    (    -0.6798      0.2061     0.0879)
    (    -0.7385      0.1345     0.0710)
    (    -0.7729      0.1179     0.0628)
    (    -0.8167      0.1020     0.0525)
    (    -0.8664      0.0868     0.0408)
    (    -0.9173      0.0725     0.0281)
    (    -0.9650      0.0593     0.0151)
    (    -1.0049      0.0474     0.0025)
    (    -1.0325      0.0369    -0.0091)
    (    -1.0432      0.0280    -0.0192)
    (    -1.0324      0.0210    -0.0270)
    (    -0.9957      0.0158    -0.0320)
    (    -0.9284      0.0129    -0.0335)
    (    -0.8827      0.0121    -0.0329)
    (    -0.8325      0.0117    -0.0321)
    (    -0.7813      0.0113    -0.0317)
    (    -0.7296      0.0108    -0.0316)
    (    -0.6773      0.0103    -0.0315)
    (    -0.6247      0.0097    -0.0314)
    (    -0.5721      0.0090    -0.0314)
    (    -0.5192      0.0083    -0.0316)
    (    -0.4657      0.0075    -0.0319)
    (    -0.4107      0.0068    -0.0324)
    (    -0.3538      0.0063    -0.0331)
    (    -0.2954      0.0060    -0.0338)
    (    -0.2364      0.0059    -0.0345)
    (    -0.1769      0.0058    -0.0353)
    (    -0.1172      0.0057    -0.0361)
    (    -0.0574      0.0057    -0.0369)
    (     0.0025      0.0057    -0.0378)
    (     0.0624      0.0057    -0.0386)
    (     0.1222      0.0057    -0.0394)
    (     0.1820      0.0057    -0.0402)
    (     0.2419      0.0057    -0.0410)
    (     0.3017      0.0057    -0.0419)
    (     0.3614      0.0058    -0.0427)
    (     0.4210      0.0058    -0.0435)
    (     0.4804      0.0059    -0.0443)
    (     0.5396      0.0060    -0.0450)
    (     0.5985      0.0061    -0.0457)
    (     0.6570      0.0063    -0.0463)
    (     0.7150      0.0065    -0.0469)
    (     0.7716      0.0068    -0.0473)
    (     0.8259      0.0073    -0.0474)
    (     0.8774      0.0080    -0.0472)
    (     0.9261      0.0089    -0.0465)
    (     0.9729      0.0098    -0.0456)
    (     1.0188      0.0108    -0.0446)
    (     1.0637      0.0116    -0.0434)
    (     1.1071      0.0125    -0.0420)
    (     1.1482      0.0133    -0.0402)
    (     1.1859      0.0140    -0.0377)
    (     1.2193      0.0148    -0.0347)
    (     1.2481      0.0159    -0.0316)
    (     1.2754      0.0170    -0.0283)
    (     1.3042      0.0182    -0.0249)
    (     1.3327      0.0195    -0.0218)
    (     1.3580      0.0212    -0.0196)
    (     1.3772      0.0235    -0.0189)
    (     1.3880      0.0267    -0.0201)
    (     1.3905      0.0306    -0.0232)
    (     1.3859      0.0352    -0.0279)
    (     1.3747      0.0406    -0.0340)
    (     1.3581      0.0465    -0.0413)
    (     1.3368      0.0530    -0.0496)
    (     1.3117      0.0600    -0.0587)
    (     1.2837      0.0675    -0.0684)
    (     1.2537      0.0753    -0.0785)
    (     1.2226      0.0834    -0.0887)
    (     1.1912      0.0918    -0.0988)
    (     1.1604      0.1004    -0.1087)
    (     1.1311      0.1091    -0.1180)
    (     1.1042      0.1179    -0.1267)
    (     1.0803      0.1268    -0.1345)
    (     1.0595      0.1356    -0.1415)
    (     1.0415      0.1446    -0.1477)
    (     1.0263      0.1535    -0.1531)
    (     1.0135      0.1625    -0.1578)
    (     1.0029      0.1715    -0.1619)
    (     0.9945      0.1806    -0.1655)
    (     0.9879      0.1898    -0.1684)
    (     0.9830      0.1990    -0.1710)
    (     0.9797      0.2084    -0.1731)
    (     0.9776      0.2178    -0.1748)
    (     0.9766      0.2273    -0.1763)
    (     0.9766      0.2369    -0.1774)
    (     0.9773      0.2466    -0.1784)
    (     0.9785      0.2564    -0.1793)
    (     0.9800      0.2663    -0.1800)
    (     0.9856      0.3073    -0.1832)
    (     0.9661      0.4193    -0.2006)
    (     0.9196      0.5402    -0.2243)
    (     0.8744      0.6645    -0.2449)
    (     0.8248      0.7887    -0.2633)
    (     0.7593      0.9096    -0.2821)
    (     0.6782      1.0236    -0.3010)
    (     0.5845      1.1272    -0.3190)
    (     0.4806      1.2171    -0.3357)
    (     0.3683      1.2906    -0.3512)
    (     0.2467      1.3466    -0.3653)
    (     0.1180      1.3836    -0.3778)
    (     0.0000      1.3971    -0.3870)
    (    -0.0926      1.3836    -0.3914)
    (    -0.1727      1.3466    -0.3913)
    (    -0.2551      1.2906    -0.3875)
    (    -0.3364      1.2171    -0.3804)
    (    -0.4101      1.1272    -0.3703)
    (    -0.4748      1.0236    -0.3583)
    (    -0.5305      0.9097    -0.3451)
    (    -0.5774      0.7887    -0.3315)
    (    -0.6152      0.6643    -0.3185)
    (    -0.6437      0.5402    -0.3089)
    (    -0.6650      0.4202    -0.3049)
    (    -0.6899      0.3073    -0.3048)
    (    -0.7279      0.2048    -0.3126)
    (    -0.7729      0.1179    -0.3578)
    (    -0.8023      0.0519    -0.4507)
    (    -0.7416      0.0100    -0.5000)
    (    -0.5033     -0.0049    -0.3887)
    (     0.0000      0.0100     0.0000)
